-Янв 2020-
4 1
-Ноя 2020-
15 2
-Янв 2021-
24 1
-Фев 2021-
20 1
24 1
-Сен 2022-
18 1
-Ноя 2023-
5 2
6 5
7 1
8 1
12 5
14 6
16 1
21 2
22 1
30 1
-Дек 2023-
1 1
3 2
10 1
-Янв 2024-
27 2
-Сен 2024-
20 1
-Дек 2024-
29 5
30 2
-Янв 2025-
1 2
7 2
8 1
9 1
13 1
14 1
-Мар 2025-
5 9
6 2
7 6
9 2
10 2
13 4
14 5
15 2
16 6
17 2
18 4
19 8
20 1
21 9
22 6
23 3
24 3
25 4
26 1
27 1
31 4
-Апр 2025-
1 1
2 2
5 1
6 1
8 1
9 1
10 1
15 2
16 1
17 1
21 3
22 1
23 4
27 13
-Май 2025-
11 2
12 1
24 3
31 2
-Июн 2025-
1 12
2 2
3 16
4 3
6 1
7 2
24 3
-Июл 2025-
3 4
-Авг 2025-
10 1
23 1
-Сен 2025-
2 2
3 7
4 4